x              =  0.750000E+00
Ln(x)          = -0.287682E+00
Fortran Ln(x)  = -0.287682E+00
Error          = -0.298023E-07

